
26 0.0942708 0.606641 0.0927083 0.142969
56 0.789583 0.607422 0.0958333 0.146094
24 0.0942708 0.607422 0.090625 0.144531
60 0.516146 0.593359 0.528125 0.449219
56 0.298438 0.505859 0.0510417 0.0960938
56 0.501562 0.355078 0.115625 0.0429688
56 0.218229 0.423438 0.201042 0.123438
62 0.532292 0.163281 0.454167 0.207813
0 0.269271 0.639453 0.330208 0.352344
56 0.702083 0.442187 0.0604167 0.090625
56 0.147396 0.682813 0.290625 0.301562
56 0.752604 0.522656 0.0947917 0.1375
26 0.0942708 0.606641 0.0927083 0.142969
56 0.789583 0.607422 0.0958333 0.146094
24 0.0942708 0.607422 0.090625 0.144531
60 0.516146 0.593359 0.528125 0.449219
56 0.298438 0.505859 0.0510417 0.0960938
56 0.501562 0.355078 0.115625 0.0429688
56 0.218229 0.423438 0.201042 0.123438
62 0.532292 0.163281 0.454167 0.207813
0 0.269271 0.639453 0.330208 0.352344
56 0.702083 0.442187 0.0604167 0.090625
56 0.147396 0.682813 0.290625 0.301562
56 0.752604 0.522656 0.0947917 0.1375
