60 0.4698618980169972 0.445859872611465 0.38311260623229465 0.7006369426751592
0 0.11271600566572237 0.4869957537154989 0.2229957507082153 0.6979830148619958
0 0.651334985835694 0.15127388535031847 0.1440757790368272 0.29989384288747345
24 0.6743519830028328 0.39941613588110403 0.08564801699716713 0.22823779193205945
56 0.27913243626062323 0.5938163481953291 0.07070467422096317 0.38083864118895966
56 0.31321175637393767 0.3416932059447983 0.04856586402266289 0.17648619957537154
56 0.3379957507082153 0.21762208067940553 0.06449362606232295 0.19639065817409768
56 0.7473796033994334 0.27534501061571126 0.06349858356940509 0.3038747346072187
56 0.6920573654390935 0.41932059447983017 0.08210339943342777 0.28662420382165604
56 0.6712464589235128 0.6648089171974523 0.2069157223796034 0.37951167728237795
56 0.4818236543909349 0.8645169851380042 0.1892599150141643 0.26671974522292996
56 0.4703257790368272 0.05042462845010616 0.08835694050991502 0.10084925690021232