60 0.4720750708215298 0.44254246284501064 0.37868626062322946 0.696656050955414
0 0.7252443342776205 0.2315552016985138 0.1325460339943343 0.3463375796178344
0 0.579185552407932 0.7687101910828026 0.3131586402266289 0.4625796178343949
56 0.21982294617563738 0.34700106157112526 0.14330382436260622 0.3489915074309979
56 0.3074539660056657 0.1665339702760085 0.11318342776203966 0.2773354564755839
56 0.30303470254957504 0.5287951167728238 0.05476628895184136 0.3861464968152866
56 0.6942669971671388 0.5241507430997877 0.09006728045325779 0.21496815286624205
56 0.7035587818696883 0.4073779193205945 0.13874999999999998 0.3237791932059448
56 0.6420467422096318 0.18511146496815287 0.044054532577903684 0.14729299363057324
56 0.4703257790368272 0.05042462845010616 0.09189801699716713 0.10084925690021232
56 0.48404390934844194 0.9060509554140127 0.1193342776203966 0.18789808917197454