0 0.056515580736543905 0.1658704883227176 0.11236543909348441 0.3317409766454352
60 0.4725177053824363 0.44254246284501064 0.37780099150141644 0.696656050955414
56 0.34242209631728043 0.19240976645435245 0.06626062322946176 0.15127388535031847
24 0.34552053824362605 0.2162951167728238 0.04236189801699716 0.15392781316348195
56 0.3167528328611898 0.3370488322717622 0.05564801699716714 0.16719745222929935
56 0.28267351274787533 0.5904989384288747 0.07247521246458923 0.3821656050955414
56 0.6495715297450425 0.2156316348195329 0.06264164305949009 0.2136411889596603
56 0.669929178470255 0.3775212314225053 0.05909348441926345 0.20567940552016986
56 0.6730169971671388 0.6614915074309978 0.20868626062322948 0.36756900212314225
56 0.4889058073654391 0.8572186836518046 0.18748937677053826 0.2760084925690021
56 0.4694405099150142 0.05042462845010616 0.09189801699716713 0.10084925690021232