60 0.4955347025495751 0.5108811040339702 0.3459313031161473 0.7059447983014862
0 0.35302762039660057 0.7401804670912951 0.2981692634560906 0.5196390658174098
0 0.7761366855524079 0.8777866242038217 0.23255665722379604 0.24018046709129512
24 0.41057365439093485 0.2899416135881104 0.12112252124645893 0.14994692144373672
56 0.23221317280453257 0.46576433121019106 0.1804745042492918 0.33970276008492567
56 0.34817634560906513 0.271364118895966 0.04236189801699716 0.1393312101910828
56 0.44819405099150145 0.13004246284501061 0.09367209631728045 0.07961783439490445
56 0.5575106232294618 0.13866772823779194 0.09452903682719546 0.09421443736730362
56 0.685856940509915 0.3078556263269639 0.1068873937677054 0.24150743099787686
56 0.7163951841359774 0.5035828025477707 0.14671388101983002 0.3304140127388535
56 0.6539837110481586 0.8014861995753716 0.24498229461756377 0.3078556263269639