60 0.47118980169971675 0.4478503184713376 0.38576841359773373 0.6993099787685775
0 0.24549220963172805 0.3350583864118896 0.14152620396600568 0.619692144373673
0 0.7495821529745043 0.6230095541401274 0.23610481586402265 0.6011146496815286
56 0.26762393767705384 0.3828290870488323 0.12735835694050993 0.3171443736730361
56 0.2990509915014164 0.43657112526539277 0.0503399433427762 0.16985138004246284
56 0.34861898016997167 0.18975583864118897 0.055637393767705386 0.18312101910828024
56 0.48360127478753545 0.06568471337579618 0.09189447592067988 0.07298301486199575
56 0.6358533994334278 0.1798036093418259 0.03343484419263456 0.11809978768577495
56 0.6455878186968839 0.29259554140127386 0.03343130311614731 0.13402335456475584
56 0.48226628895184137 0.8615976645435244 0.18837464589235128 0.2768046709129512
56 0.6933781869688385 0.696656050955414 0.14848796033994333 0.12738853503184713