56 0.0555917845759277 0.41839392271264597 0.11068644256412814 0.26679710825537417
56 0.23362906999020672 0.4581479925005806 0.11602000811957772 0.2763918736937699
56 0.19380093431337697 0.7623171796211519 0.1315036049645616 0.3084604056777468
56 0.07205032086574997 0.24791248588804984 0.09970718605322473 0.20670840188449607
56 0.6471519794410079 0.5170240138999469 0.10530444785488235 0.19767926453025475
56 0.646334920996647 0.7419389534401539 0.07404727233368003 0.29894008757961776
56 0.2693204582581777 0.22191028635466425 0.07590802330470961 0.21124261098809047
56 0.025935611521387236 0.6652476964735934 0.051272106955814634 0.10602156523686301
56 0.5549615314256706 0.1670824038754603 0.05637932364055864 0.03149590623859641
56 0.7242232152490373 0.948304000174164 0.14499147755566122 0.09826232521397293
0 0.6142014457551346 0.22980298510022984 0.22593157284658283 0.40728548985378
60 0.45366730298266533 0.668277942957139 0.38064516840170187 0.6311968177746816
