2 0.4725177053824363 0.4412154989384289 0.3760304532577904 0.6913481953290871
3 0.7305524079320113 0.33970276008492567 0.21929178470254956 0.44851380042462846
3 0.6283109065155807 0.7125796178343949 0.3140297450424929 0.5573248407643312
1 0.21141288951841358 0.3569532908704883 0.1530417847025496 0.3529723991507431
1 0.30568342776203966 0.16786093418259024 0.11318342776203966 0.27998938428874737
1 0.4698831444759207 0.04909766454352442 0.08924220963172805 0.09819532908704884
1 0.6416041076487252 0.15193736730360935 0.041398725212464585 0.07563694267515923
1 0.6562110481586403 0.39676220806794055 0.03519830028328612 0.1035031847133758
1 0.8221742209631728 0.6754246284501062 0.09092067988668555 0.36889596602972397
1 0.48669263456090656 0.8649150743099787 0.18837464589235128 0.27016985138004246
1 0.3034773371104816 0.4239649681528662 0.05211048158640227 0.17383227176220806