2 0.4720750708215298 0.44254246284501064 0.3804567988668556 0.6993099787685775
3 0.24239022662889517 0.2587579617834395 0.20614376770538242 0.3370488322717622
3 0.6854143059490084 0.548036093418259 0.15026203966005666 0.6077494692144374
1 0.2357542492917847 0.425291932059448 0.17870396600566574 0.261411889596603
1 0.2986083569405099 0.43325371549893843 0.04945467422096317 0.1685244161358811
1 0.34552053824362605 0.18975583864118897 0.06006373937677054 0.20169851380042464
1 0.48138810198300286 0.06568471337579618 0.0980913597733711 0.07563694267515923
1 0.4818236543909349 0.8609341825902336 0.1910304532577904 0.2781316348195329
1 0.6367386685552409 0.18046709129511676 0.03343484419263456 0.11942675159235669
1 0.6473583569405099 0.29259554140127386 0.02989022662889518 0.13402335456475584
1 0.7535764872521246 0.5818736730360934 0.0723512747875354 0.36491507430997877