52 0.665399 0.851875 0.140684 0.136250
1 0.276616 0.551250 0.346642 0.755000
1 0.640684 0.473125 0.503169 0.897500
1 0.839987 0.458437 0.110900 0.333125
31 0.316223 0.548438 0.429658 0.743125
31 0.646388 0.475938 0.500634 0.901875
31 0.854880 0.465938 0.182509 0.361875
32 0.499683 0.305000 0.999366 0.321250
32 0.499683 0.782813 0.999366 0.433125
6 0.135298 0.786250 0.067808 0.125000
6 0.252218 0.906562 0.093790 0.048125
6 0.493980 0.824688 0.067807 0.134375
6 0.741762 0.903125 0.102028 0.047500
53 0.274081 0.606250 0.341572 0.642500
53 0.547845 0.395937 0.287073 0.463125
53 0.850760 0.425937 0.110900 0.170625