1 0.626563 0.624297 0.080625 0.205441
1 0.302812 0.499531 0.209375 0.999062
1 0.470000 0.504221 0.105000 0.424953
1 0.566875 0.500938 0.093750 0.405254
1 0.783438 0.498124 0.431875 0.478424
7 0.286875 0.059099 0.097500 0.118199
33 0.748437 0.606472 0.055625 0.224203
33 0.802500 0.583959 0.046250 0.257974
33 0.912813 0.583021 0.081875 0.259850
33 0.974687 0.581144 0.049375 0.248593
6 0.289375 0.970450 0.036250 0.057223
6 0.322188 0.909474 0.058125 0.169793
6 0.431250 0.704972 0.037500 0.044090
6 0.467812 0.641182 0.023125 0.029080
6 0.483437 0.700282 0.023125 0.027205
6 0.505937 0.632740 0.023125 0.034709
6 0.524687 0.705910 0.019375 0.034710
6 0.585938 0.705909 0.024375 0.053471
6 0.650313 0.707786 0.031875 0.060976
6 0.685937 0.705910 0.026875 0.038462
6 0.707812 0.708724 0.029375 0.036585
6 0.762500 0.731707 0.046250 0.028143
6 0.782188 0.723734 0.024375 0.029081
6 0.805312 0.717167 0.016875 0.023452
6 0.844375 0.702157 0.031250 0.049719
6 0.872500 0.702157 0.036250 0.045967
6 0.896250 0.711539 0.021250 0.027205
6 0.930937 0.722327 0.036875 0.009381
6 0.982187 0.709663 0.034375 0.027205
6 0.992812 0.713415 0.013125 0.019700