24 0.025937 0.735550 0.051875 0.055424
24 0.053125 0.436262 0.027500 0.017419
24 0.199688 0.839668 0.086875 0.056215
24 0.205937 0.685669 0.058125 0.044338
24 0.289687 0.665875 0.055625 0.045922
24 0.345000 0.866192 0.097500 0.082343
24 0.427812 0.700317 0.066875 0.083135
24 0.490312 0.627475 0.179375 0.110055
24 0.454062 0.889548 0.025625 0.084719
24 0.536250 0.585907 0.106250 0.047506
24 0.579688 0.927553 0.165625 0.143309
24 0.544375 0.819082 0.076250 0.067300
24 0.590625 0.647665 0.021250 0.023753
24 0.634062 0.613619 0.098125 0.061757
24 0.604375 0.663500 0.016250 0.038005
24 0.606875 0.637371 0.016250 0.023753
24 0.627812 0.661520 0.023125 0.024545
24 0.628125 0.673793 0.017500 0.041171
24 0.661875 0.754552 0.068750 0.058591
24 0.715000 0.651623 0.096250 0.058590
24 0.709375 0.842834 0.022500 0.046715
24 0.743125 0.705463 0.066250 0.053840
24 0.742500 0.819874 0.018750 0.045131
24 0.772500 0.804434 0.018750 0.044339
24 0.777187 0.910926 0.020625 0.054632
24 0.787500 0.814727 0.016250 0.055424
24 0.790938 0.769992 0.023125 0.034046
24 0.795625 0.900634 0.016250 0.051465
24 0.815937 0.690816 0.026875 0.072051
24 0.847812 0.762866 0.090625 0.106888
24 0.904375 0.334917 0.190000 0.123516
24 0.868750 0.830167 0.018750 0.057799
24 0.903438 0.841251 0.025625 0.043548
24 0.932813 0.646081 0.010625 0.038005
24 0.950313 0.773159 0.021875 0.051465
24 0.963750 0.761283 0.018750 0.048298
1 0.042500 0.122328 0.015000 0.056215
1 0.065625 0.124703 0.012500 0.051464
1 0.635000 0.183294 0.025000 0.089470
1 0.648750 0.174980 0.013750 0.079176
1 0.840313 0.174188 0.038125 0.101346
25 0.040000 0.361441 0.080000 0.110056
25 0.508437 0.408947 0.878125 0.575614
25 0.755625 0.058986 0.487500 0.117973
25 0.854062 0.474664 0.290625 0.390341
25 0.917500 0.129850 0.136250 0.102929