1 0.253125 0.534583 0.297500 0.620833
1 0.545312 0.340000 0.210625 0.346666
1 0.618437 0.381667 0.185625 0.305000
2 0.057188 0.962917 0.114375 0.072500
2 0.085000 0.802500 0.162500 0.278334
2 0.508750 0.727917 0.172500 0.192500
2 0.828750 0.900000 0.085000 0.198334
48 0.310000 0.927083 0.067500 0.079167
48 0.421250 0.839583 0.043750 0.072500
48 0.954688 0.486250 0.018125 0.020834
49 0.347187 0.888750 0.694375 0.220834
35 0.366875 0.867500 0.048750 0.153334
35 0.374688 0.836666 0.051875 0.153333
50 0.400938 0.565416 0.601875 0.114167
50 0.890625 0.694167 0.217500 0.400000
51 0.937500 0.309583 0.123750 0.097500