36 0.275000 0.447985 0.045000 0.076850
36 0.400938 0.580599 0.025625 0.053421
36 0.465938 0.578726 0.098125 0.100281
36 0.531875 0.592315 0.031250 0.058106
36 0.624687 0.663542 0.068125 0.095595
36 0.648750 0.459701 0.045000 0.081537
36 0.900313 0.768042 0.180625 0.179007
37 0.355938 0.624648 0.066875 0.089035
38 0.365625 0.649016 0.052500 0.023430
39 0.903750 0.763356 0.175000 0.171509
2 0.453750 0.811153 0.170000 0.375820
40 0.616875 0.716026 0.765000 0.515464
40 0.596562 0.777413 0.130625 0.263355
40 0.811562 0.844423 0.375625 0.309279
4 0.471875 0.810216 0.481250 0.321462
4 0.814375 0.844423 0.370000 0.305529
5 0.499688 0.499532 0.999375 0.999063
41 0.469375 0.579663 0.082500 0.077788
42 0.611875 0.655577 0.775000 0.686973
42 0.274375 0.650890 0.046250 0.040300
42 0.273125 0.447985 0.038750 0.065604
42 0.291250 0.540768 0.017500 0.076851
42 0.306563 0.646205 0.025625 0.034677
42 0.314688 0.573102 0.019375 0.023430
42 0.321875 0.474696 0.020000 0.034677
42 0.360313 0.626991 0.066875 0.088097
42 0.453438 0.808810 0.173125 0.378632
42 0.407188 0.637769 0.034375 0.029053
42 0.409687 0.472821 0.034375 0.034676
42 0.451250 0.468135 0.015000 0.047798
42 0.477812 0.471884 0.021875 0.029053
42 0.570312 0.638238 0.015625 0.054358
42 0.613438 0.667292 0.080625 0.084349
42 0.603125 0.318651 0.042500 0.056233
42 0.608437 0.552015 0.021875 0.084348
42 0.648125 0.455014 0.042500 0.087160
42 0.698438 0.917526 0.079375 0.163074
42 0.878750 0.417526 0.196250 0.323336
42 0.905000 0.766166 0.173750 0.164011
43 0.499688 0.499532 0.999375 0.999063
3 0.462813 0.696345 0.468125 0.461106
3 0.813438 0.842081 0.366875 0.313965
44 0.014687 0.844423 0.029375 0.309279
44 0.456875 0.789129 0.453750 0.247423
44 0.809063 0.841612 0.380625 0.314902
45 0.612500 0.704311 0.773750 0.478913
46 0.297813 0.760544 0.131875 0.165885
46 0.880625 0.911903 0.230000 0.174321
47 0.463125 0.581068 0.457500 0.224929