100 0.177084 0.747222 0.144445 0.253704
1 0.287153 0.601389 0.124306 0.704630
1 0.394097 0.683334 0.165972 0.442593
1 0.491319 0.630556 0.147917 0.353703
1 0.788542 0.599074 0.168750 0.800000
101 0.782987 0.507871 0.167361 0.430555
99 0.421181 0.681482 0.384027 0.277777
49 0.185069 0.755093 0.143750 0.276852
49 0.607986 0.878240 0.547916 0.241667
49 0.618750 0.633333 0.098612 0.174074
6 0.288889 0.860648 0.070834 0.054630
6 0.300000 0.930556 0.093056 0.042593
6 0.369097 0.877777 0.035417 0.068519
6 0.453473 0.767593 0.041667 0.079629
6 0.516319 0.787037 0.031250 0.046296
6 0.550694 0.765741 0.027777 0.048148