1 0.022812 0.172911 0.045625 0.164715
1 0.063125 0.494145 0.126250 0.746292
1 0.154688 0.566354 0.265625 0.865730
1 0.129375 0.197892 0.105000 0.163154
1 0.255312 0.210773 0.059375 0.206089
1 0.386563 0.434816 0.189375 0.836847
1 0.446562 0.551913 0.309375 0.885246
1 0.518437 0.259172 0.088125 0.204527
1 0.624375 0.555035 0.156250 0.802498
1 0.814063 0.536300 0.171875 0.693208
81 0.032188 0.461359 0.064375 0.153005
81 0.270000 0.592896 0.353750 0.244340
81 0.564688 0.546839 0.281875 0.194379
81 0.548750 0.401640 0.082500 0.127245
81 0.797188 0.523029 0.224375 0.176424
81 0.931563 0.490632 0.135625 0.145980