1 0.027813 0.534583 0.054375 0.224167
1 0.541563 0.560000 0.915625 0.878334
1 0.640625 0.690834 0.497500 0.616667
1 0.764375 0.118333 0.072500 0.146667
1 0.775937 0.132916 0.044375 0.079167
99 0.600625 0.813333 0.797500 0.371667
27 0.028750 0.536250 0.057500 0.230834
27 0.250937 0.710417 0.325625 0.547500
27 0.182812 0.499583 0.118125 0.407500
27 0.243750 0.483750 0.078750 0.304166
27 0.325313 0.672084 0.239375 0.650833
27 0.547500 0.714167 0.391250 0.570000
27 0.647813 0.694584 0.488125 0.609167
27 0.496875 0.287500 0.035000 0.108334
27 0.529375 0.293334 0.042500 0.148333
27 0.544687 0.287917 0.058125 0.182500
27 0.585000 0.492500 0.115000 0.198334
27 0.767188 0.115833 0.068125 0.155000
27 0.774375 0.135833 0.038750 0.095000
27 0.864062 0.322500 0.140625 0.268334
27 0.935938 0.532083 0.126875 0.294167
27 0.955313 0.352083 0.088125 0.434167
82 0.017500 0.587916 0.033750 0.135833
82 0.478750 0.806250 0.770000 0.385834
82 0.181875 0.610417 0.080000 0.170833
80 0.012500 0.435416 0.023750 0.025833
80 0.022812 0.445417 0.010625 0.017500
80 0.083437 0.434167 0.010625 0.060000
80 0.180312 0.331250 0.046875 0.069166
80 0.232500 0.367500 0.037500 0.061666
80 0.335313 0.412917 0.069375 0.097500
80 0.390937 0.483750 0.056875 0.077500
80 0.497188 0.255000 0.018125 0.040000
80 0.523438 0.247083 0.014375 0.027500
80 0.595625 0.455000 0.083750 0.103334
80 0.670000 0.470000 0.077500 0.108334
80 0.798437 0.454167 0.115625 0.140000
80 0.843750 0.227500 0.040000 0.063334
80 0.864375 0.474167 0.022500 0.098333
80 0.915625 0.471250 0.117500 0.174166
80 0.987812 0.162083 0.023125 0.077500
31 0.025000 0.537917 0.050000 0.232500
31 0.042500 0.537500 0.041250 0.200000
31 0.083125 0.558750 0.032500 0.287500
31 0.256563 0.708750 0.330625 0.539166
31 0.180938 0.506250 0.114375 0.407500
31 0.323750 0.682084 0.227500 0.634167
31 0.265625 0.502500 0.106250 0.310000
31 0.535625 0.711250 0.346250 0.575834
31 0.644687 0.693750 0.491875 0.602500
31 0.497500 0.279166 0.032500 0.096667
31 0.525312 0.282500 0.035625 0.103334
31 0.547187 0.293750 0.049375 0.190834
31 0.585000 0.506250 0.113750 0.192500
31 0.763750 0.116250 0.066250 0.145834
31 0.755937 0.340833 0.011875 0.065000
31 0.774062 0.134166 0.045625 0.083333
31 0.772813 0.337083 0.014375 0.075833
31 0.862187 0.325416 0.136875 0.254167
31 0.861250 0.485833 0.036250 0.110000
31 0.930312 0.533750 0.138125 0.289166
31 0.955313 0.354583 0.088125 0.450833