1 0.047813 0.446060 0.078125 0.892120
1 0.130000 0.235459 0.147500 0.375235
1 0.304688 0.474672 0.283125 0.949343
1 0.361563 0.247186 0.078125 0.297373
1 0.488125 0.470450 0.261250 0.498124
1 0.440625 0.221388 0.082500 0.249531
1 0.554688 0.174484 0.066875 0.155722
1 0.695625 0.610694 0.243750 0.485929
1 0.640313 0.175422 0.071875 0.230769
1 0.703750 0.147280 0.057500 0.148217
1 0.751875 0.149155 0.041250 0.101313
97 0.472187 0.593340 0.221875 0.079737
6 0.036875 0.860695 0.067500 0.057223
6 0.085938 0.419325 0.024375 0.022514
6 0.112812 0.403377 0.021875 0.030018
6 0.137500 0.388837 0.015000 0.017824
6 0.150313 0.338180 0.030625 0.034709
6 0.174687 0.389775 0.023125 0.019700
6 0.202813 0.610695 0.030625 0.095685
6 0.262188 0.847561 0.080625 0.192308
6 0.391875 0.897280 0.098750 0.100375
6 0.371875 0.685741 0.020000 0.058162
6 0.382188 0.396341 0.025625 0.021576
6 0.437187 0.336773 0.018125 0.020638
6 0.537813 0.687617 0.034375 0.054409
6 0.672187 0.803940 0.085625 0.048780
6 0.737812 0.789869 0.068125 0.138837
66 0.415625 0.167449 0.765000 0.119137
66 0.797500 0.364916 0.403750 0.729831
16 0.047188 0.064259 0.088125 0.128518
16 0.253437 0.060038 0.105625 0.120075
16 0.662188 0.413696 0.078125 0.095684