1 0.027500 0.524268 0.055000 0.200000
1 0.074687 0.443933 0.003125 0.017574
1 0.125625 0.623849 0.095000 0.148117
1 0.081875 0.450627 0.006250 0.024267
1 0.155938 0.561088 0.094375 0.305440
1 0.221562 0.621339 0.106875 0.419247
1 0.300937 0.561925 0.069375 0.288703
1 0.337187 0.530126 0.025625 0.164853
1 0.390000 0.572804 0.075000 0.270293
1 0.493437 0.495397 0.255625 0.117155
1 0.648438 0.473221 0.046875 0.027615
1 0.793438 0.557740 0.069375 0.256903
31 0.028125 0.515899 0.056250 0.215063
31 0.113125 0.619665 0.087500 0.144770
31 0.152812 0.560670 0.069375 0.304603
31 0.216875 0.628452 0.086250 0.420084
31 0.302187 0.557740 0.061875 0.282009
31 0.391250 0.573222 0.080000 0.291213
31 0.491875 0.502929 0.256250 0.117155
31 0.792812 0.551883 0.070625 0.243514
20 0.113125 0.257322 0.226250 0.514644
20 0.196250 0.300419 0.258750 0.284519
20 0.362500 0.223850 0.231250 0.447699
20 0.578125 0.228871 0.325000 0.457741
20 0.582812 0.318411 0.103125 0.278661
20 0.684375 0.367783 0.100000 0.159833
20 0.826875 0.263180 0.228750 0.519666
20 0.978125 0.286610 0.042500 0.539749