29 0.747500 0.393527 0.231250 0.246717
1 0.243125 0.295028 0.486250 0.590056
1 0.455937 0.458724 0.854375 0.917448
1 0.800625 0.399155 0.397500 0.798311
27 0.456875 0.457317 0.851250 0.914634
92 0.060000 0.658068 0.113750 0.128517
92 0.078437 0.813321 0.104375 0.196998
92 0.177500 0.765948 0.095000 0.194183
92 0.811875 0.601313 0.102500 0.165103
92 0.911563 0.650094 0.128125 0.302064
82 0.207813 0.745310 0.353125 0.349907
82 0.801250 0.543152 0.337500 0.545966
82 0.876875 0.463884 0.245000 0.483115
80 0.560937 0.125234 0.203125 0.250469
23 0.560312 0.124297 0.230625 0.248593
18 0.168125 0.151970 0.336250 0.303940
18 0.364063 0.176829 0.235625 0.346154
18 0.470625 0.673077 0.095000 0.122890
18 0.733125 0.390713 0.295000 0.280488
29 0.264062 0.085366 0.136875 0.170732
29 0.484687 0.704503 0.085625 0.056285
29 0.825625 0.322701 0.050000 0.076923
29 0.847187 0.493433 0.064375 0.080675