27 0.745625 0.441667 0.091250 0.252222
80 0.195937 0.065556 0.068125 0.093333
49 0.608125 0.685000 0.208750 0.258888
37 0.306875 0.285556 0.113750 0.097777
2 0.418750 0.629444 0.067500 0.236667
2 0.503125 0.617777 0.140000 0.233333
2 0.581875 0.524444 0.051250 0.100000
2 0.715313 0.491667 0.096875 0.056667
2 0.792188 0.477222 0.030625 0.043333
13 0.222187 0.263333 0.025625 0.155555
5 0.499688 0.499445 0.999375 0.998889
27 0.252812 0.317222 0.265625 0.594444
27 0.518750 0.529444 0.163750 0.410000
27 0.648750 0.476111 0.091250 0.252222
27 0.855000 0.446111 0.106250 0.221111
27 0.934688 0.522223 0.070625 0.271111
42 0.302500 0.289444 0.123750 0.096667
42 0.627812 0.570555 0.030625 0.123333
42 0.766563 0.515000 0.024375 0.074444
42 0.780312 0.521111 0.018125 0.091111
82 0.540625 0.541111 0.100000 0.117778
82 0.554375 0.640556 0.047500 0.210000
82 0.661250 0.611111 0.046250 0.173334
82 0.847187 0.576666 0.074375 0.173333
82 0.865938 0.595000 0.076875 0.143334
82 0.883125 0.546667 0.043750 0.082222
82 0.945312 0.587778 0.036875 0.091111
80 0.505000 0.337222 0.050000 0.067778
80 0.656562 0.376112 0.039375 0.058889
80 0.742188 0.347778 0.031875 0.062222
80 0.915938 0.405000 0.033125 0.047778
83 0.251563 0.313333 0.276875 0.602222
83 0.519375 0.527778 0.166250 0.426667
83 0.860937 0.499444 0.126875 0.350000
83 0.928438 0.516666 0.073125 0.284445
49 0.791250 0.647222 0.155000 0.227778
6 0.552812 0.717778 0.043125 0.062222
6 0.666875 0.688333 0.035000 0.034445
6 0.738437 0.668333 0.016875 0.041111
6 0.758438 0.666111 0.020625 0.045556
6 0.823125 0.661667 0.018750 0.050000
18 0.160625 0.282778 0.078750 0.207778
18 0.368125 0.335000 0.042500 0.072222
18 0.468750 0.470556 0.063750 0.147777
18 0.528750 0.429445 0.043750 0.138889
18 0.651250 0.487778 0.091250 0.122222
18 0.727500 0.454444 0.061250 0.115555
18 0.759688 0.433333 0.033125 0.108889
18 0.890937 0.427222 0.070625 0.112222
18 0.930625 0.502777 0.035000 0.121111