24 0.430150 0.484687 0.572060 0.969375
1 0.824933 0.290000 0.302387 0.556250
24 0.609638 0.261563 0.188329 0.370625
24 0.708665 0.253750 0.154730 0.321250
24 0.828470 0.295625 0.330681 0.521250
1 0.154288 0.183125 0.069850 0.121250
1 0.145005 0.102813 0.045977 0.059375
1 0.152962 0.148125 0.053050 0.143750
1 0.168878 0.296563 0.065429 0.133125
1 0.201149 0.190625 0.082228 0.130000
1 0.223254 0.164375 0.062776 0.080000
1 0.433688 0.513750 0.464191 0.950000
1 0.316092 0.146250 0.061008 0.061250
1 0.596375 0.317500 0.142352 0.461250
1 0.703360 0.286250 0.161804 0.386250
1 0.971264 0.201875 0.055703 0.131250
1 0.971264 0.362500 0.055703 0.251250
1 0.969938 0.113125 0.044208 0.042500
27 0.148983 0.296875 0.105217 0.136250
82 0.302829 0.706562 0.246685 0.444375
82 0.545977 0.729062 0.175950 0.505625
6 0.288683 0.896875 0.183024 0.080000
6 0.593280 0.931562 0.097259 0.099375
6 0.638373 0.490000 0.099028 0.117500
18 0.198939 0.162812 0.019452 0.024375
18 0.316091 0.294375 0.250221 0.192500
18 0.244916 0.160000 0.014146 0.018750
18 0.624227 0.321562 0.120247 0.215625
16 0.448276 0.116563 0.252874 0.190625
16 0.574712 0.121562 0.104333 0.090625
16 0.736516 0.123438 0.143236 0.063125