1 0.525833 0.647500 0.945000 0.600000
1 0.565833 0.688750 0.138333 0.532500
91 0.514167 0.423750 0.015000 0.012500
91 0.537500 0.418750 0.011666 0.027500
91 0.560833 0.410000 0.011667 0.025000
91 0.570000 0.348750 0.023334 0.092500
91 0.588333 0.395000 0.020000 0.055000
91 0.616667 0.441250 0.036667 0.052500
91 0.640000 0.417500 0.013334 0.040000
91 0.675000 0.403750 0.013334 0.032500
25 0.267500 0.423750 0.531666 0.747500
25 0.570000 0.367500 0.173334 0.170000
25 0.710000 0.223750 0.090000 0.347500
25 0.870833 0.272500 0.255000 0.455000