1 0.452188 0.339738 0.806875 0.345829
1 0.139063 0.283036 0.173125 0.172447
1 0.230938 0.340674 0.191875 0.343955
1 0.374687 0.324273 0.090625 0.159325
1 0.599688 0.338801 0.225625 0.188379
1 0.762188 0.372071 0.179375 0.329897
27 0.136250 0.294751 0.167500 0.220243
27 0.222812 0.327554 0.196875 0.336458
27 0.322813 0.282568 0.130625 0.111528
27 0.624062 0.339738 0.179375 0.207123
27 0.768125 0.362231 0.170000 0.295221
82 0.098437 0.311153 0.074375 0.151828
82 0.180312 0.388941 0.094375 0.234302
82 0.570000 0.362699 0.107500 0.151828
82 0.715938 0.379569 0.081875 0.236176
143 0.224688 0.536551 0.449375 0.598876
143 0.489375 0.531865 0.978750 0.589504
143 0.531562 0.534677 0.430625 0.448922
16 0.195625 0.228210 0.043750 0.047798
16 0.284687 0.222587 0.063125 0.109653
16 0.371875 0.269447 0.050000 0.060918
16 0.683750 0.272259 0.038750 0.059044
16 0.825313 0.264761 0.055625 0.100282