23 0.342500 0.446184 0.185000 0.176126
29 0.476250 0.180039 0.102500 0.093934
1 0.312500 0.488258 0.470000 0.769080
1 0.695000 0.600782 0.440000 0.559687
55 0.408750 0.608610 0.252500 0.172211
55 0.375000 0.820939 0.120000 0.115460
55 0.681250 0.569472 0.247500 0.195695
55 0.680000 0.769081 0.200000 0.113503
139 0.406250 0.606653 0.222500 0.164383
139 0.683750 0.569471 0.237500 0.176125
110 0.357500 0.482387 0.055000 0.033269
110 0.636250 0.450097 0.037500 0.027397
27 0.296250 0.500978 0.437500 0.755381
27 0.697500 0.598826 0.435000 0.555773
82 0.310000 0.825832 0.130000 0.105675
82 0.667500 0.815068 0.300000 0.131115
23 0.657500 0.404110 0.145000 0.158513
9 0.348750 0.458904 0.107500 0.119374
9 0.650000 0.431507 0.115000 0.088062
18 0.190000 0.703523 0.225000 0.338551
18 0.476250 0.331703 0.157500 0.463797
18 0.517500 0.599804 0.070000 0.174168
18 0.805000 0.417808 0.220000 0.189824
113 0.363750 0.453033 0.032500 0.037182
113 0.632500 0.416829 0.035000 0.035225
29 0.235000 0.843444 0.045000 0.062622
29 0.563750 0.832681 0.132500 0.088062