1 0.499511 0.622628 0.999023 0.751825
1 0.409180 0.664233 0.203125 0.668613
1 0.686524 0.316059 0.011719 0.036497
1 0.899414 0.328467 0.199218 0.055474
111 0.499511 0.499270 0.999023 0.998540
2 0.104004 0.710949 0.063476 0.245256
2 0.123047 0.559124 0.095703 0.072992
2 0.098144 0.791241 0.041993 0.230657
2 0.258301 0.924818 0.274414 0.147445
2 0.207520 0.525548 0.047851 0.134307
2 0.362305 0.514598 0.074219 0.124087
2 0.557617 0.820438 0.173828 0.356204
2 0.501953 0.552555 0.009766 0.062774
2 0.540527 0.508029 0.055664 0.122628
2 0.636718 0.685401 0.136719 0.290511
2 0.606934 0.450365 0.020508 0.018978
2 0.708985 0.601460 0.054687 0.195620
2 0.798828 0.820438 0.216797 0.356204
2 0.849610 0.780292 0.167969 0.372262
3 0.307617 0.694160 0.195312 0.313869
65 0.044434 0.671533 0.088867 0.654014
65 0.128418 0.524088 0.114258 0.186861
65 0.258789 0.872993 0.281250 0.251095
65 0.233398 0.507300 0.062500 0.147445
65 0.295898 0.424817 0.054687 0.195621
65 0.370117 0.618248 0.046875 0.153284
65 0.444336 0.695620 0.115234 0.605839
65 0.473633 0.438686 0.029297 0.039416
65 0.527832 0.766423 0.092774 0.218978
65 0.543457 0.510219 0.053710 0.112408
65 0.583008 0.467153 0.046875 0.029197
65 0.619141 0.650365 0.093750 0.164964
65 0.617188 0.478832 0.035157 0.070073
65 0.659180 0.533577 0.037109 0.080292
65 0.709961 0.564234 0.052734 0.103649
65 0.719238 0.386132 0.028320 0.127007
65 0.751953 0.370073 0.062500 0.159124
65 0.746094 0.557665 0.041016 0.131387
65 0.822754 0.698541 0.135742 0.188321
65 0.872070 0.430656 0.097656 0.210219
65 0.910645 0.856934 0.170899 0.283212
65 0.896972 0.562043 0.047851 0.046715
65 0.928710 0.563504 0.033203 0.058394
65 0.930176 0.612408 0.036133 0.048175
65 0.949707 0.327737 0.016602 0.039416