76 0.499675 0.794705 0.085287 0.217882
34 0.499675 0.794705 0.085287 0.217882
1 0.225911 0.416666 0.451823 0.826389
1 0.444336 0.336806 0.262370 0.498264
1 0.576823 0.259549 0.240886 0.519097
1 0.768881 0.295573 0.236979 0.577257
1 0.912435 0.184462 0.173828 0.368924
138 0.477865 0.629340 0.036459 0.125000
138 0.544270 0.635851 0.042969 0.120660
3 0.451172 0.755642 0.902344 0.486979
135 0.049805 0.796441 0.099609 0.323784
135 0.135742 0.735243 0.085286 0.222222
135 0.817708 0.520834 0.062500 0.236111
34 0.500000 0.816840 0.055990 0.088542
34 0.816080 0.519097 0.055339 0.244792
29 0.289388 0.746962 0.152994 0.186632
29 0.341472 0.747396 0.072265 0.071180
29 0.546550 0.057725 0.060547 0.087673
29 0.600912 0.037761 0.050781 0.075521
29 0.689453 0.308594 0.075521 0.089410
29 0.741862 0.412760 0.057942 0.094618
29 0.812825 0.743923 0.149089 0.177083
29 0.826497 0.181858 0.027995 0.080729
29 0.904622 0.192274 0.141276 0.122396
29 0.934245 0.749566 0.130208 0.407118