149 0.563125 0.372420 0.291250 0.234522
1 0.500938 0.810037 0.996875 0.378049
1 0.360313 0.860694 0.230625 0.276736
1 0.508437 0.603190 0.040625 0.067543
27 0.091563 0.863509 0.183125 0.271107
27 0.042188 0.755159 0.081875 0.146341
27 0.071563 0.649625 0.028125 0.038462
27 0.117188 0.635553 0.029375 0.042213
27 0.215625 0.867261 0.142500 0.263602
27 0.195312 0.710131 0.039375 0.071295
27 0.242812 0.682926 0.034375 0.075047
27 0.357500 0.862571 0.228750 0.272983
27 0.295312 0.804878 0.065625 0.230770
27 0.288125 0.694653 0.031250 0.055347
27 0.325937 0.691369 0.058125 0.076923
27 0.451250 0.847560 0.155000 0.250469
27 0.469375 0.732177 0.045000 0.126641
27 0.498438 0.801125 0.071875 0.227017
27 0.520625 0.883678 0.086250 0.230769
27 0.509375 0.600375 0.045000 0.071295
27 0.575000 0.771576 0.061250 0.128518
27 0.604062 0.886022 0.093125 0.218575
27 0.572188 0.647749 0.024375 0.034709
27 0.632812 0.724202 0.056875 0.099437
27 0.698750 0.891651 0.116250 0.214822
27 0.717500 0.796435 0.141250 0.155722
27 0.785937 0.729362 0.088125 0.094746
27 0.807813 0.789400 0.088125 0.196060
27 0.883438 0.890713 0.188125 0.216698
27 0.868750 0.820356 0.100000 0.214821
27 0.906250 0.777205 0.062500 0.117261
27 0.957812 0.825516 0.083125 0.225140
27 0.947500 0.757974 0.040000 0.140713
27 0.984687 0.681989 0.029375 0.065666