1 0.260938 0.635427 0.069375 0.313027
1 0.388125 0.587160 0.038750 0.173383
1 0.584375 0.593252 0.057500 0.224930
2 0.298125 0.771791 0.100000 0.180881
2 0.362500 0.819119 0.117500 0.202436
2 0.404687 0.765230 0.096875 0.179007
2 0.512813 0.785380 0.114375 0.198688
2 0.628125 0.798032 0.111250 0.212746
2 0.625938 0.587629 0.029375 0.054358
2 0.684063 0.585754 0.028125 0.058107
2 0.731250 0.762418 0.110000 0.173384
2 0.778125 0.849110 0.132500 0.245548
2 0.745938 0.584817 0.026875 0.063730
2 0.798437 0.579663 0.019375 0.049672
2 0.879375 0.803655 0.116250 0.220244
102 0.101250 0.565136 0.087500 0.380506
102 0.424687 0.533271 0.015625 0.174320
102 0.496875 0.527647 0.062500 0.185567
102 0.710625 0.530928 0.106250 0.188378
3 0.395313 0.783505 0.108125 0.166823
3 0.731875 0.801312 0.118750 0.179944
30 0.013125 0.551078 0.026250 0.427366
30 0.504375 0.364573 0.867500 0.097469