58 0.149687 0.318333 0.170625 0.355000
6 0.077813 0.542083 0.064375 0.135833
58 0.738437 0.270000 0.056875 0.045000
58 0.861563 0.376250 0.099375 0.149166
144 0.147813 0.331666 0.290625 0.663333
144 0.094688 0.300417 0.171875 0.570833
144 0.309688 0.027500 0.023125 0.051666
144 0.664687 0.105833 0.050625 0.211667
144 0.739688 0.217917 0.109375 0.284167
144 0.824375 0.179167 0.080000 0.116667
4 0.197187 0.321250 0.394375 0.287500
4 0.499688 0.811250 0.999375 0.375834
4 0.733750 0.263750 0.208750 0.137500
4 0.887813 0.449167 0.223125 0.306667
3 0.195312 0.264583 0.390625 0.177500
3 0.499688 0.810833 0.999375 0.376667
3 0.733437 0.268333 0.213125 0.150000
3 0.885625 0.452500 0.227500 0.291666
142 0.333438 0.116667 0.138125 0.233333
142 0.886875 0.306250 0.155000 0.380834
142 0.958438 0.323334 0.081875 0.401667
6 0.140937 0.634167 0.058125 0.071667
6 0.162812 0.532500 0.026875 0.090000
6 0.196563 0.627916 0.019375 0.029167
6 0.691562 0.334167 0.015625 0.051667
6 0.710000 0.340000 0.031250 0.051666
6 0.819063 0.462917 0.026875 0.067500
6 0.946250 0.501667 0.023750 0.035000
6 0.978750 0.522917 0.041250 0.087500
18 0.030312 0.020000 0.060625 0.040000
18 0.300000 0.488750 0.235000 0.339166
18 0.259375 0.085417 0.076250 0.170833
18 0.616563 0.567500 0.265625 0.441666
18 0.669375 0.114167 0.043750 0.120000
18 0.720625 0.170000 0.041250 0.091666
18 0.788125 0.182917 0.026250 0.085833
18 0.796563 0.180416 0.019375 0.060833
18 0.847500 0.197916 0.041250 0.070833
18 0.899687 0.260000 0.058125 0.098334
18 0.985000 0.265416 0.025000 0.075833
29 0.300312 0.195000 0.028125 0.038334
29 0.360938 0.585417 0.131875 0.125833
29 0.317187 0.207083 0.033125 0.037500
29 0.548750 0.671666 0.122500 0.208333
29 0.652813 0.154583 0.013125 0.022500
29 0.729688 0.185417 0.019375 0.029167
29 0.783438 0.210417 0.015625 0.017500
29 0.799687 0.210417 0.009375 0.020833
29 0.836563 0.227083 0.020625 0.022500
29 0.974687 0.364583 0.049375 0.042500