1 0.499584 0.570000 0.999167 0.372500
1 0.704583 0.551562 0.242500 0.355625
27 0.065000 0.568437 0.130000 0.273125
27 0.156250 0.450313 0.084166 0.085625
27 0.165417 0.572500 0.065833 0.210000
27 0.235000 0.602500 0.136666 0.287500
27 0.255416 0.457187 0.059167 0.105625
27 0.321250 0.549375 0.072500 0.270000
27 0.396667 0.579688 0.155000 0.398125
27 0.460417 0.561562 0.077500 0.245625
27 0.547917 0.536875 0.097500 0.200000
27 0.640000 0.536563 0.086666 0.230625
27 0.729167 0.546875 0.195000 0.341250
27 0.812917 0.535937 0.059167 0.188125
27 0.906667 0.470000 0.113333 0.046250
27 0.908750 0.540000 0.090834 0.196250
6 0.062917 0.686250 0.025833 0.022500
6 0.108750 0.679688 0.034166 0.015625
6 0.208750 0.716250 0.047500 0.027500
6 0.277917 0.710313 0.059167 0.025625
6 0.381667 0.750312 0.088333 0.034375
6 0.413750 0.726562 0.039166 0.026875
6 0.446667 0.678750 0.050000 0.013750
6 0.482917 0.657500 0.022500 0.028750
6 0.525416 0.651563 0.029167 0.016875
6 0.562083 0.647813 0.034167 0.016875
6 0.620000 0.644687 0.036666 0.016875
6 0.665417 0.638750 0.032500 0.018750
6 0.731250 0.718125 0.072500 0.027500
6 0.814584 0.705937 0.025833 0.030625